0.341195
0.339992
-0.044844
0.232159
0.089782
-0.303314
-0.072609
-0.246675
-0.336833
0.464184
0.418108
-0.048069
0.305112
0.103854
-0.373141
-0.076468
-0.310707
-0.464537
0.394167
0.377403
-0.045949
0.267130
0.099864
-0.341009
-0.075736
-0.280342
-0.416023
0.095631
0.133635
0.064714
0.133657
0.185060
0.080026
0.100848
0.141405
0.066015
0.033557
0.052605
-0.006581
0.056776
0.088516
-0.006989
0.038797
0.060314
-0.005767
-0.084197
-0.078763
-0.115831
-0.079694
-0.062409
-0.133994
-0.078065
-0.070947
-0.114913
0.017745
0.021294
-0.076314
0.121344
0.152649
-0.039263
0.013136
0.026056
-0.081447
0.102450
0.097559
-0.022345
0.216887
0.239223
0.021533
0.099742
0.104125
-0.026607
-0.036313
-0.047760
-0.144621
0.059887
0.074421
-0.115103
-0.035407
-0.038797
-0.146729
0.289808
0.208038
0.231560
0.072249
-0.395100
-0.087148
0.017245
-0.395811
-0.142700
0.435353
0.304335
0.323766
0.115666
-0.429920
-0.110554
-0.006797
-0.501298
-0.231916
0.394052
0.284444
0.301163
0.114494
-0.402965
-0.090616
0.008279
-0.458038
-0.196428
-0.092012
0.161540
0.160916
-0.184778
0.158295
0.155429
-0.240377
-0.122232
-0.075747
-0.108011
0.204906
0.220931
-0.224573
0.182652
0.202302
-0.322338
-0.153244
-0.081716
-0.050682
0.239519
0.234582
-0.145250
0.238810
0.235007
-0.235637
-0.075767
-0.026109
0.207042
0.225167
0.206961
0.222053
0.234231
0.214680
0.194693
0.222429
0.191403
-0.164764
-0.184468
-0.159430
-0.189549
-0.216678
-0.190439
-0.175150
-0.184060
-0.171855
-0.037931
-0.062954
-0.030019
-0.066941
-0.098543
-0.064056
-0.042082
-0.055113
-0.034120
0.064644
-0.085221
-0.135899
0.128360
-0.039252
-0.124831
0.135652
0.088787
0.015607
0.083355
-0.107766
-0.184216
0.165712
-0.042890
-0.158340
0.195031
0.116397
0.015955
0.041990
-0.141515
-0.200231
0.112369
-0.087338
-0.183130
0.145350
0.071862
-0.009460
0.021644
0.105934
0.109597
-0.231558
-0.169816
0.032270
-0.232842
-0.205376
-0.009849
0.069115
0.217584
0.254737
-0.243286
-0.113814
0.141029
-0.299702
-0.211799
0.039722
0.118555
0.267663
0.281064
-0.157834
-0.024073
0.200734
-0.222734
-0.127004
0.096606
0.108168
0.085479
0.110052
0.101320
0.081415
0.092211
0.094666
0.109830
0.085334
-0.198018
-0.232496
-0.192414
-0.210988
-0.242473
-0.216271
-0.201192
-0.194997
-0.206292
0.108787
0.098811
0.117809
0.120274
0.115281
0.120348
0.103784
0.134734
0.105739
0.048404
-0.018995
0.059540
0.144841
0.098078
0.163684
0.197798
0.206846
0.212211
-0.148166
-0.237463
-0.133877
-0.048854
-0.115441
-0.025847
0.043229
0.035793
0.061238
-0.133280
-0.232110
-0.121214
-0.048650
-0.126088
-0.028871
0.053426
0.033349
0.067693
0.054568
0.448105
0.034005
-0.022890
0.483320
-0.010300
-0.384705
-0.275212
-0.323527
0.124935
0.550925
0.097857
-0.014709
0.525127
-0.004791
-0.483788
-0.356018
-0.421526
0.107746
0.507794
0.080882
-0.018170
0.495855
-0.010297
-0.444747
-0.324470
-0.386122
-0.061065
0.120113
0.062541
-0.146213
0.078492
0.054631
-0.212583
-0.135435
-0.080229
0.054661
0.281886
0.236836
-0.056852
0.216010
0.210381
-0.164473
-0.048989
0.028116
-0.078119
0.121240
0.083264
-0.194157
0.050749
0.050392
-0.275918
-0.182084
-0.100944
-0.158045
-0.141575
-0.145382
-0.152416
-0.120195
-0.142627
-0.178139
-0.165501
-0.165870
0.300729
0.351788
0.309381
0.354616
0.421807
0.356543
0.298978
0.343166
0.300054
-0.201631
-0.178471
-0.193146
-0.177199
-0.139954
-0.176432
-0.195406
-0.179191
-0.195947
0.051934
-0.000361
-0.082645
0.168122
0.153218
-0.009128
0.147332
0.149684
0.026666
0.018416
-0.061230
-0.152523
0.143467
0.102173
-0.072495
0.143594
0.122867
-0.011367
-0.093898
-0.178757
-0.245418
0.009474
-0.037675
-0.184531
0.024274
-0.004382
-0.112268
-0.068791
-0.375082
-0.061898
-0.014794
-0.387793
-0.004367
0.256575
0.173131
0.251937
-0.121154
-0.474871
-0.114554
-0.028925
-0.445296
-0.017109
0.332329
0.224895
0.328405
-0.076111
-0.415807
-0.075033
0.001581
-0.400920
0.007362
0.325322
0.226638
0.315227
0.133999
0.124322
0.125080
0.099599
0.020906
0.090436
0.128072
0.105193
0.120380
-0.185422
-0.210853
-0.194578
-0.239760
-0.336881
-0.247137
-0.196194
-0.233456
-0.200274
0.141694
0.146045
0.135798
0.113744
0.050207
0.111509
0.119455
0.113875
0.122262
-0.015846
-0.058307
0.004675
-0.082424
-0.124048
-0.065858
-0.083194
-0.101961
-0.059392
-0.072812
-0.107620
-0.069266
-0.093610
-0.124183
-0.093266
-0.091475
-0.095871
-0.080279
0.140139
0.137966
0.121340
0.201097
0.207583
0.179984
0.189107
0.221911
0.181770
0.017391
0.042402
-0.103561
0.031180
0.045248
-0.161547
-0.093891
-0.115835
-0.188495
0.185674
0.190717
-0.006328
0.193655
0.183411
-0.078531
0.031009
-0.016273
-0.134922
0.095271
0.102117
-0.072139
0.100553
0.092605
-0.146131
-0.038999
-0.084526
-0.186081
0.166022
0.128895
0.152079
0.162538
0.062943
0.159535
0.161270
0.108643
0.148166
-0.173197
-0.231802
-0.181215
-0.194040
-0.316712
-0.189375
-0.171593
-0.244191
-0.176878
0.090116
0.051486
0.088968
0.086036
-0.013530
0.099262
0.089247
0.038563
0.093931
0.057811
0.003611
0.056421
-0.006853
-0.100277
-0.013739
0.017678
-0.041814
0.007785
-0.061776
-0.099975
-0.064688
-0.097527
-0.173885
-0.105155
-0.081454
-0.121647
-0.089841
0.176408
0.181101
0.172758
0.211987
0.183673
0.205147
0.205688
0.212422
0.199211
0.348868
0.317643
0.167041
0.253250
0.086790
-0.042121
0.120543
-0.043662
-0.130218
0.237115
0.160037
0.004821
0.088036
-0.134432
-0.267875
-0.056295
-0.276918
-0.363214
0.231345
0.156227
0.031635
0.081660
-0.133399
-0.237494
-0.036548
-0.250207
-0.311681
0.211989
0.272335
0.062180
0.080386
-0.046628
-0.192283
-0.019076
-0.196816
-0.207425
0.284025
0.319574
0.050409
0.113712
-0.052149
-0.257222
-0.041858
-0.262261
-0.321008
0.275950
0.328876
0.069871
0.147567
0.006256
-0.195265
0.007345
-0.188667
-0.252262
0.148274
0.153870
0.145703
0.154666
0.152109
0.147943
0.131914
0.152337
0.139894
0.062353
0.036203
0.054888
0.036800
0.001262
0.025033
0.040531
0.029691
0.044187
-0.144608
-0.192253
-0.152442
-0.192165
-0.249664
-0.204725
-0.161124
-0.193755
-0.159128
-0.169187
-0.112867
0.183193
-0.071719
-0.022083
0.327105
0.178478
0.245220
0.377498
-0.454035
-0.387233
-0.019007
-0.348772
-0.282193
0.138536
-0.035065
0.047294
0.235962
-0.281594
-0.224974
0.121166
-0.186472
-0.134285
0.260330
0.107606
0.173501
0.343767
0.034828
-0.017202
-0.082037
0.089229
0.029244
-0.079084
0.050155
0.020183
-0.052254
0.111567
0.039868
-0.043178
0.173300
0.092377
-0.037567
0.138048
0.089241
-0.003005
-0.012549
-0.086713
-0.149357
0.035957
-0.046991
-0.154787
0.013635
-0.038740
-0.110608
0.127129
0.160716
0.142348
0.175525
0.209427
0.189567
0.129604
0.168641
0.143293
0.078802
0.101167
0.097571
0.118147
0.140374
0.134309
0.091063
0.117717
0.104655
-0.169126
-0.171292
-0.146591
-0.159119
-0.164290
-0.141234
-0.154927
-0.155050
-0.141195
-0.037184
-0.376721
-0.296107
0.204725
-0.079692
-0.115287
0.289208
0.260689
0.148626
-0.066625
-0.477053
-0.422507
0.255613
-0.089006
-0.163257
0.412865
0.345669
0.193118
-0.051927
-0.443366
-0.384286
0.242565
-0.080839
-0.143388
0.373154
0.318851
0.182833
-0.200428
-0.185584
-0.183631
-0.202805
-0.124602
-0.171745
-0.195119
-0.178427
-0.183292
0.035487
0.113195
0.086434
0.074995
0.223309
0.144488
0.035368
0.115138
0.083080
-0.029821
0.070666
0.030865
0.025527
0.195903
0.104453
-0.030376
0.072118
0.026944
-0.031687
0.006267
0.273750
-0.337789
-0.387831
0.198279
-0.070454
-0.061016
0.222948
-0.063350
0.018163
0.376936
-0.427751
-0.431716
0.266884
-0.124650
-0.072133
0.304732
-0.040409
0.018085
0.340762
-0.392442
-0.419421
0.238450
-0.098095
-0.067948
0.273369
-0.186070
-0.185249
-0.148581
-0.210308
-0.236156
-0.192852
-0.154050
-0.182046
-0.116247
-0.017500
-0.013716
-0.044791
-0.057043
-0.083998
-0.106078
-0.073687
-0.102569
-0.092648
0.216445
0.245302
0.131665
0.209790
0.208965
0.102112
0.109746
0.105798
0.035716
-0.219487
-0.153767
-0.082114
-0.099666
0.160169
0.142161
-0.044501
0.152740
0.109270
-0.245078
-0.151792
-0.053209
-0.090247
0.207000
0.211319
-0.003194
0.227967
0.201188
-0.276582
-0.204110
-0.107068
-0.140291
0.127794
0.131787
-0.049463
0.153531
0.129292
0.127115
0.103063
0.136080
0.142535
0.049065
0.141103
0.164280
0.109122
0.152497
0.107774
0.102762
0.114110
0.141733
0.068202
0.136835
0.141377
0.105470
0.126490
0.126862
0.130381
0.131981
0.154281
0.090128
0.149946
0.141585
0.115127
0.127878
-0.091661
-0.108566
-0.087881
-0.094307
-0.071249
-0.102045
-0.085903
-0.083570
-0.087084
-0.110410
-0.118882
-0.108965
-0.105658
-0.072545
-0.114942
-0.109498
-0.096342
-0.109956
0.014347
0.036280
0.016451
0.048809
0.113135
0.040223
0.010576
0.053649
0.010668
-0.034345
-0.056468
-0.147215
0.152495
0.250855
-0.051385
0.055956
0.140873
-0.051753
-0.149379
-0.184789
-0.294570
0.054404
0.142692
-0.185758
-0.039120
0.038240
-0.176907
0.012995
-0.005043
-0.113231
0.203351
0.306395
-0.008176
0.095925
0.185160
-0.018564
-0.190351
-0.225864
-0.327201
0.124969
0.356092
-0.103210
0.079732
0.307799
-0.040250
-0.213428
-0.273161
-0.413466
0.169042
0.385394
-0.127931
0.156881
0.375502
-0.022655
-0.199012
-0.260650
-0.389868
0.149940
0.354899
-0.130368
0.137311
0.340582
-0.030121
-0.266608
-0.133045
0.008995
-0.211272
0.182557
0.304895
-0.127065
0.082816
0.134714
-0.375300
-0.164090
0.043469
-0.281797
0.205294
0.391515
-0.168909
0.122004
0.227684
-0.343848
-0.149532
0.038208
-0.257372
0.200144
0.362239
-0.155509
0.110729
0.197462
0.031360
0.034147
0.031942
0.047419
0.051872
0.049885
0.033464
0.040203
0.037580
0.038155
0.023432
0.038350
0.035589
0.021678
0.037223
0.037481
0.026676
0.040406
-0.153463
-0.186697
-0.153915
-0.175224
-0.208268
-0.174825
-0.148995
-0.178353
-0.147573
-0.312656
-0.252660
-0.274614
-0.103837
0.327924
0.029465
0.019887
0.421078
0.127616
-0.405005
-0.311215
-0.333206
-0.122162
0.359515
0.049666
0.043361
0.493834
0.185985
-0.327519
-0.235819
-0.263404
-0.081135
0.377764
0.074130
0.050907
0.472869
0.176027
0.140622
0.189885
0.057816
0.023367
-0.004299
-0.076936
-0.080322
-0.147588
-0.143388
0.266711
0.303452
0.154734
0.111186
0.065068
-0.022382
-0.026231
-0.115403
-0.120294
0.126287
0.154381
0.027030
-0.032470
-0.084409
-0.152902
-0.141987
-0.235365
-0.224854
0.121162
0.071915
0.108351
0.134865
0.032235
0.115825
0.114724
0.064244
0.097090
-0.112219
-0.200383
-0.133129
-0.127824
-0.272741
-0.154248
-0.115485
-0.202960
-0.139220
-0.029778
-0.116441
-0.047687
-0.045996
-0.188754
-0.068379
-0.030724
-0.116225
-0.050078
-0.099779
-0.121745
-0.173603
0.009178
0.040187
-0.104353
-0.018616
0.009076
-0.089716
0.056713
0.023052
-0.054790
0.198814
0.219661
0.042333
0.177148
0.196461
0.066310
-0.091836
-0.131967
-0.188853
0.027493
0.040861
-0.112459
0.016869
0.028263
-0.079428
0.296890
0.325253
0.372377
-0.014169
-0.174253
0.214278
-0.133978
-0.289483
0.080405
0.179060
0.206486
0.297566
-0.213097
-0.379995
0.070739
-0.361668
-0.527529
-0.090807
0.270787
0.291679
0.367904
-0.092787
-0.260685
0.166871
-0.230665
-0.393963
0.020606
-0.056181
0.133896
0.191941
-0.198422
0.028542
0.182029
-0.190856
-0.105719
0.012575
-0.072052
0.174415
0.270113
-0.248557
0.039169
0.239926
-0.267656
-0.133417
0.031011
-0.063443
0.155530
0.233222
-0.231787
0.029738
0.208778
-0.243520
-0.126780
0.020401
0.205685
0.236656
0.235782
-0.017289
-0.226237
0.032665
-0.083431
-0.312413
-0.073777
0.268775
0.288303
0.305910
-0.029047
-0.262380
0.029433
-0.136736
-0.395953
-0.120355
0.251053
0.270234
0.279899
-0.018346
-0.246230
0.032761
-0.111628
-0.362994
-0.100092
-0.010393
-0.069115
-0.179925
0.148979
0.125831
-0.132705
0.046089
0.043081
-0.112368
0.066127
-0.022731
-0.168594
0.247204
0.194463
-0.106571
0.149040
0.119764
-0.073631
-0.010809
-0.098400
-0.219143
0.150013
0.098777
-0.171256
0.067275
0.036468
-0.130253
0.092466
0.220741
0.318465
-0.283045
-0.213800
0.228304
-0.245260
-0.216630
0.116339
0.090338
0.272899
0.428800
-0.361975
-0.233954
0.290049
-0.357259
-0.277619
0.135940
0.091048
0.248174
0.369865
-0.325864
-0.218827
0.261618
-0.314022
-0.248721
0.126242
-0.107949
-0.168369
-0.230023
0.082389
0.135784
-0.146492
0.020212
0.078088
-0.106677
-0.076806
-0.152179
-0.266160
0.175545
0.219857
-0.128163
0.116258
0.170359
-0.074223
-0.036475
-0.090458
-0.204400
0.204913
0.269009
-0.067767
0.129766
0.200623
-0.033909
-0.337283
-0.349990
-0.068792
-0.157338
0.024960
0.197810
0.104250
0.326601
0.292769
-0.461928
-0.441826
-0.097261
-0.216538
0.015049
0.241699
0.128552
0.398884
0.400834
-0.419501
-0.409046
-0.080714
-0.193914
0.017934
0.227046
0.126289
0.371005
0.362773
0.042751
-0.113408
-0.269300
0.140591
-0.031746
-0.317685
0.080302
0.057917
-0.090523
0.124596
-0.113081
-0.374448
0.271511
0.016561
-0.387237
0.223085
0.137900
-0.113838
0.179292
-0.025951
-0.288220
0.327469
0.108592
-0.290182
0.257927
0.201938
-0.045605
0.064885
0.248885
0.361827
-0.182648
0.002097
0.300637
-0.154932
-0.002469
0.207363
-0.034152
0.172164
0.348667
-0.346433
-0.135217
0.239636
-0.316145
-0.141405
0.141537
-0.086687
0.077298
0.249970
-0.404846
-0.235888
0.129996
-0.350705
-0.213945
0.062650
-0.009783
-0.006307
-0.000047
0.007741
0.013187
0.010941
-0.002964
-0.000248
0.000057
0.084986
0.080628
0.096488
0.086619
0.082784
0.090054
0.077663
0.070863
0.079537
-0.156950
-0.179730
-0.145178
-0.175204
-0.198066
-0.171870
-0.159958
-0.184989
-0.158212
0.377968
0.199586
-0.080213
0.311538
-0.191153
-0.508719
0.236236
-0.040180
-0.252765
0.498479
0.216506
-0.150917
0.394552
-0.235721
-0.650995
0.306619
-0.082147
-0.378101
0.457438
0.218999
-0.112648
0.367726
-0.210076
-0.589794
0.283770
-0.060319
-0.325718
0.036694
0.016350
0.076669
-0.090345
-0.162168
0.033324
-0.002088
-0.052858
0.049216
-0.112950
-0.108580
-0.016450
-0.262297
-0.308356
-0.070289
-0.173109
-0.199471
-0.060160
0.096909
0.141197
0.204234
-0.013089
-0.016736
0.188011
0.035008
0.049498
0.159316
-0.269814
-0.346546
-0.036668
-0.151157
-0.143467
0.131216
0.002295
0.047422
0.125816
-0.349153
-0.382658
-0.014387
-0.138166
-0.074911
0.249349
0.087836
0.187740
0.295117
-0.257822
-0.288810
0.036918
-0.042273
0.018687
0.297462
0.150803
0.246586
0.315451
0.128001
-0.107472
-0.148959
0.250386
-0.023494
-0.090563
0.307507
0.210799
0.124490
-0.007991
-0.297365
-0.347655
0.127093
-0.200076
-0.279428
0.222125
0.084972
-0.013072
0.074138
-0.196293
-0.236115
0.195392
-0.108844
-0.173516
0.278565
0.158143
0.076932
-0.102722
-0.036228
0.055785
-0.111097
-0.008058
0.123944
-0.049881
0.025450
0.098691
-0.060910
0.028420
0.150864
-0.064462
0.064629
0.228430
0.013723
0.112067
0.211830
-0.191913
-0.128972
-0.004429
-0.208909
-0.107908
0.056748
-0.117475
-0.045711
0.056703
0.019359
0.100059
0.224131
-0.164209
-0.099778
0.188621
-0.038962
0.006233
0.149349
-0.119277
-0.012781
0.156342
-0.334111
-0.241097
0.102082
-0.195539
-0.126899
0.063068
-0.000660
0.102564
0.243185
-0.195024
-0.103390
0.206635
-0.071525
-0.002582
0.159862
0.305614
0.105204
0.011500
0.248837
-0.154767
-0.203564
0.273357
0.083525
0.022947
0.191343
-0.073177
-0.185686
0.110561
-0.368135
-0.436466
0.159305
-0.092960
-0.169432
0.274766
0.040235
-0.055425
0.200961
-0.242037
-0.292372
0.244655
0.022986
-0.035853
-0.240945
-0.012980
0.082216
-0.249046
0.277438
0.364673
-0.278242
-0.023879
0.065291
-0.308752
-0.000556
0.143849
-0.314545
0.306111
0.445968
-0.361036
-0.026463
0.114184
-0.267103
0.006430
0.118073
-0.274059
0.297276
0.399543
-0.321531
-0.022231
0.086179
-0.163532
-0.204269
-0.146525
-0.207431
-0.257996
-0.199623
-0.173370
-0.225005
-0.169103
0.150538
0.163610
0.154201
0.182252
0.188958
0.176989
0.164851
0.169156
0.158426
0.078080
0.117797
0.074742
0.143180
0.177627
0.132679
0.105180
0.138537
0.095435
-0.292620
-0.182863
0.015482
-0.224962
0.156268
0.370527
-0.153136
0.090320
0.201150
-0.378302
-0.204379
0.049726
-0.273772
0.187421
0.456849
-0.176921
0.137587
0.294494
-0.352546
-0.205784
0.024034
-0.259213
0.159249
0.398412
-0.168320
0.108203
0.241780
-0.114365
-0.130252
-0.126297
-0.106339
-0.042670
-0.129587
-0.125950
-0.101287
-0.134605
-0.069460
-0.093850
-0.087884
-0.068287
-0.012110
-0.098274
-0.087327
-0.068325
-0.100174
-0.107205
-0.118274
-0.122906
-0.092257
-0.022146
-0.119113
-0.120807
-0.088432
-0.130795
-0.050999
-0.165089
-0.299052
0.284068
0.257799
-0.197790
0.146474
0.163402
-0.134236
-0.040202
-0.204928
-0.391549
0.344076
0.270641
-0.253574
0.224797
0.202800
-0.156038
-0.038040
-0.190086
-0.357822
0.317647
0.259125
-0.231096
0.200884
0.189965
-0.137963
-0.002998
-0.069696
-0.282536
0.359500
0.358732
-0.215104
0.050094
0.028325
-0.270962
0.040486
-0.057306
-0.346328
0.440334
0.408489
-0.255414
0.101584
0.052227
-0.325661
0.046906
-0.018897
-0.279793
0.422097
0.423499
-0.192024
0.097901
0.077665
-0.265884
0.730178
0.064936
0.034288
0.826039
0.257803
0.548677
-0.012439
0.347899
0.551087
0.062971
0.606991
0.267031
0.649414
0.170737
0.477231
0.382506
0.463731
0.214961
0.469113
0.238259
0.475192
0.706064
0.270075
0.685527
0.032166
0.602529
0.350349
0.446798
0.773265
0.581917
0.390831
1.751935
0.661174
0.302140
0.530597
0.677375
0.332732
0.491278
0.265489
0.188056
0.074120
1.108109
0.282243
0.867551
0.194229
0.810332
0.360623
0.507200
0.424723
0.496326
0.151175
0.794544
0.334943
0.472840
0.415524
0.084960
0.379470
0.600674
0.471745
0.813092
0.455212
1.089201
0.477573
0.407212
